1 0.0
2 108171.33846791399
3 72114.22564527599
4 0.0
5 43268.5353871656
6 0.0
7 61812.19341023656
8 27042.834616978496
9 48076.15043018399
10 43268.5353871656
11 39335.03217015054
12 18028.556411318998
13 49925.23313903723
14 30906.09670511828
15 28845.690258110397
16 67607.08654244624
17 50904.15927901834
18 12019.037607545997
19 0.0
20 21634.2676935828
21 10302.032235039427
22 9833.758042537635
23 9406.203345035998
24 54085.66923395699
25 25961.121232299356
26 33283.48875935815
27 8012.691738363998
28 46359.14505767742
29 29840.369232527995
30 64902.80308074839
31 13957.592060375997
32 20282.125962733873
33 32779.19347512545
34 31815.09954938647
35 37087.31604614194
36 30047.594018865
37 35082.596259863996
38 45545.826723332204
39 27736.240632798454
40 32451.401540374194
41 26383.25328485707
42 15453.04835255914
43 30187.35027011553
44 44251.91119141936
45 67306.6106022576
46 18812.406690071995
47 13809.107038457103
48 40564.251925467746
49 30906.09670511828
50 8653.707077433119
51 42420.13273251529
52 37443.92485427792
53 20409.68650338
54 40063.45869181999
55 23601.019302090324
56 38632.62088139785
57 22772.913361666102
58 33570.415386593995
59 47668.72542653837
60 57691.380516220794
61 35466.012612430815
62 45362.174196222
63 27472.085960105138
64 30423.18894410081
65 46596.88426310141
66 26223.354780100362
67 41976.93731590692
68 38178.11945926376
69 47031.016725179994
70 30906.09670511828
71 48753.27930948236
72 39061.87222452449
73 29635.98314189424
74 43853.24532482999
75 43268.5353871656
76 28466.141702082627
77 19667.51608507527
78 36057.112822637995
79 38339.20857090622
80 48677.10231056129
81 32050.766953455994
82 42213.20525577131
83 26065.38276335277
84 28330.588646358425
85 40723.32742321468
86 10062.45009003851
87 24866.974360439996
88 34418.15314888172
89 29169.799137415008
90 40864.727865656394
91 45170.44903055749
92 32921.711707626
93 39546.51083773199
94 55236.42815382841
95 45545.826723332204
96 45071.3910282975
97 44606.73751254185
98 41943.98838551767
99 37149.752605142174
100 45431.96215652387
101 40698.127344363675
102 38178.11945926376
103 31506.215087741937
104 18721.96242713896
105 41208.12894015771
106 34696.46705574599
107 28306.518477584967
108 26041.248149682993
109 27787.132817445796
110 29501.2741276129
111 35082.596259863996
112 32837.72774918817
113 34461.665352609765
114 41750.341163054516
115 24456.128697093598
116 27975.346155494997
117 40679.81959477107
118 20167.53768045854
119 39996.12514780013
120 28845.690258110397
121 33971.1641469482
122 30146.11072056619
123 42213.20525577131
124 22681.087098111
125 60575.949542031834
126 29189.091332611708
127 27255.770322623997
128 25352.65745341734
129 36895.6503301412
130 39940.18651122978
131 36332.35795868867
132 34418.15314888172
133 19519.64002428523
134 29060.956603320174
135 35255.8436488016
136 23861.32466203985
137 23687.15440903226
138 32921.711707626
139 26459.17631589263
140 33996.70637563011
141 33755.59498289514
142 44182.65937421839
143 27231.94534856576
144 37559.49252358124
145 35808.4430790336
146 34081.38061317838
147 30906.09670511828
148 27773.722039058994
149 18875.535571582306
150 27403.40574520488
151 30087.392156638325
152 32736.06295739502
153 29694.092912760705
154 42144.6773251613
155 40477.016975090395
156 30509.864696078304
157 35827.4496836403
158 38339.20857090622
159 40819.37300676
160 39212.11019461882
161 37624.81338014399
162 34721.664199577324
163 30526.88079462603
164 25064.090620614217
165 22289.851563085307
166 36491.53586869387
167 34977.55854651111
168 29618.342675738357
169 30723.220393253676
170 35632.911495312845
171 37954.855602776835
172 23898.318963841462
173 35014.999735278514
174 42273.856412748
175 39559.803782551404
176 25813.61486166129
177 39112.8003499802
178 27954.39084002272
179 33841.31259331387
180 22836.171454337396
181 29881.585212130936
182 36849.57684071795
183 41377.01471450261
184 31745.936289496498
185 31574.336633877596
186 27915.184120751994
187 41648.8575919241
188 36824.28543588561
189 25182.74546342971
190 38713.952714832376
191 44174.682725116705
192 40564.251925467746
193 33628.39537862611
194 27879.210945338655
195 34392.93838467009
196 26490.940032958526
197 29651.02678815916
198 38242.39238764636
199 22830.13173694667
200 32451.401540374194
201 35518.946959613546
202 22491.070374516767
203 46892.00879397257
204 34996.60950432511
205 41157.87512437703
206 29405.80074855914
207 33444.278560128
208 32243.37973562821
209 34159.370042499155
210 27815.48703460645
211 38962.18826332447
212 23471.139478887
213 42659.11939579706
214 37405.04227395156
215 32199.840288123232
216 30047.594018865
217 35890.951012395424
218 33741.518421184184
219 45441.84081757117
220 39335.03217015054
221 31325.636479395907
222 36057.112822637995
223 32014.835600369162
224 26077.01909494355
225 29807.213266714076
226 33504.39687059283
227 29544.594647624086
228 37954.855602776835
229 24562.924018914968
230 31040.471038618798
231 36525.387015139786
232 28907.857694011494
233 34354.84569367225
234 22188.992506238767
235 33141.85689229705
236 31168.012778890472
237 27385.14897921873
238 28179.088172313728
239 39828.77734383444
240 28845.690258110397
241 26032.93622879258
242 31289.230135347017
243 24928.374297132443
244 35466.012612430815
245 36204.28471170999
246 31659.90394182848
247 35911.13260878116
248 37511.0286622605
249 30409.61322391156
250 24230.379816812732
251 31029.228564501227
252 38632.62088139785
253 32494.157010124356
254 29810.99879037
255 24603.676984858866
256 49860.2263250541
257 29463.01047764194
258 43603.95039016688
259 28400.19697227085
260 32451.401540374194
261 27353.671796484
262 37158.09336684069
263 36194.212110937
264 31959.713638247315
265 38370.21062635439
266 32532.733373808715
267 24308.16594784584
268 28253.7078087835
269 28952.92330739705
270 37659.6511703108
271 35924.06074580169
272 27838.212105713155
273 26151.312596638545
274 29214.15710447312
275 33828.12766632946
276 31354.011150119997
277 29678.778785420443
278 40466.975541953434
279 30241.449464147994
280 33224.05395800216
281 25406.7912415741
282 30686.904529904677
283 38223.08779784947
284 33517.87952526912
285 37195.7584907213
286 33283.48875935815
287 39197.976308930505
288 27794.02446745012
289 40423.89119216163
290 29840.369232527995
291 37172.28126045154
292 36304.07934882045
293 30273.20735279504
294 32377.8155958382
295 37401.61533466856
296 26311.947194898
297 36421.326083472726
298 29765.267632110557
299 32559.934655893845
300 43268.5353871656
301 29468.603835112783
302 27221.926236958487
303 37128.11617380546
304 28466.141702082627
305 34756.6923601822
306 31108.097337177875
307 36644.3622171435
308 34418.15314888172
309 30806.076974681007
310 30706.702532827196
311 29216.695920594135
312 38137.33087009788
313 33177.151734567866
314 31693.513181681803
315 31592.89885412091
316 37654.57984642576
317 29346.167533882024
318 37417.75858952999
319 37300.46154066
320 31775.330674949735
321 32350.306831525675
322 32921.711707626
323 24782.288070048406
324 33386.21557651666
325 34614.828309732475
326 41808.554131770434
327 35064.71522201493
328 33638.647938192764
329 26960.637551273394
330 29501.2741276129
331 39869.79846853627
332 33884.997592358595
333 28585.819174703993
334 29147.965455425925
335 33581.54985272553
336 39276.497896087814
337 30814.38721934642
338 30083.153301727554
339 31908.949400564597
340 36905.5154772883
341 32990.672142706906
342 32894.20818907326
343 41628.62005179197
344 35218.57531513479
345 33235.251819127196
346 36265.53544010989
347 31796.76231621679
348 36057.112822637995
349 31614.54591325853
350 35851.0721779372
351 28352.601535749534
352 33803.54327122312
353 40449.339030494746
354 29334.60026248515
355 37783.79146484883
356 37069.95307046491
357 30906.09670511828
358 33237.00343986184
359 30131.29205234373
360 33653.3053011288
361 29964.359686402768
362 39443.69248001283
363 30991.237467391336
364 33877.83677291812
365 34377.74044459732
366 31328.311140980553
367 32421.927061227623
368 31745.936289496498
369 37522.84911624117
370 30989.626696213196
371 34988.03400579428
372 27915.184120751994
373 27260.337308267866
374 35285.83768204681
375 33461.00069940806
376 39125.80327562847
377 37300.46154066
378 31478.431829287136
379 32537.02529114036
380 35298.01571058246
381 38044.512741996
382 34546.86725938614
383 38975.57365162436
384 29296.40416839337
385 31468.02573612043
386 42595.96747959307
387 35777.600320136924
388 31782.30047768607
389 30032.145384408
390 31619.314321390244
391 30985.14043070682
392 35873.147961298004
393 29175.984421371206
394 29651.02678815916
395 36148.39665256873
396 30047.594018865
397 26702.244760341488
398 38050.21956157779
399 31448.308928015093
400 34614.828309732475
401 37226.04665479334
402 38747.942137760234
403 25231.03180144892
404 35343.11058852635
405 33119.12585190453
406 30373.232968823137
407 32424.823815934902
408 36057.112822637995
409 30679.401619261665
410 32715.234073222764
411 33688.39738173477
412 38857.66527488172
413 37192.08247565081
414 28218.610035107995
415 29714.53635022215
416 35363.70680681803
417 28015.59845212161
418 33124.23761696887
419 38208.49186933477
420 42238.33216366165
421 35971.466473890636
422 29221.641197493354
423 38358.63066238085
424 37757.920031252994
425 33087.70353136193
426 33010.03286579535
427 37999.299227604446
428 35888.6216412238
429 24710.468927402264
430 36727.94282864056
431 33129.041015695235
432 38060.285757228994
433 35973.84004475661
434 30407.61127439057
435 30337.7087197368
436 36222.512422741835
437 26238.35669931094
438 34575.31366554328
439 24640.396006358536
440 37859.968463769896
441 40226.98301301109
442 27899.39498946198
443 29301.49123284352
444 37031.629385411994
445 32572.942370113422
446 32984.98213371368
447 30491.24976947911
448 38632.62088139785
449 32282.76025545763
450 34134.06680543063
451 36936.5545987999
452 33025.76262958436
453 32952.85807631817
454 30497.646087870024
455 35660.880813598014
456 31312.75587229089
457 36925.0083172748
458 31176.01894708438
459 34878.77580229035
460 38095.1235473958
461 22995.20861140037
462 31842.645090121867
463 32241.13327985341
464 39631.74038695124
465 33498.220944902394
466 38533.13773749726
467 31964.977962681223
468 38368.466208704536
469 32751.23680691639
470 33602.16046024562
471 24803.61901175098
472 33918.13155349845
473 33846.42303012953
474 28754.406428179664
475 34159.370042499155
476 29542.592438716
477 35376.78993919199
478 36660.57914602943
479 34325.76920067417
480 39662.82410490179
481 32833.71188423169
482 35458.65451852782
483 31354.011150119997
484 34418.15314888172
485 35239.322634908065
486 33831.36511753689
487 31540.718814052947
488 35909.3377700862
489 31854.136481348905
490 31347.612372334253
491 35249.315997690916
492 37815.996374961804
493 36422.803622056235
494 34159.370042499155
495 30156.857997115418
496 34893.98015093999
497 33517.87952526912
498 43876.72765164382
499 39453.27374982033
500 32884.08689424585
501 31954.806573355825
502 37493.65118210565
503 30967.540237335215
504 33052.3534207515
505 33415.30455642491
506 33349.26640512763
507 37123.89130851486
508 36199.069959734996
509 36552.98667285109
510 37329.716804613454
511 32176.210268342318
512 33380.99898033283
513 31207.325717838732
514 36618.31302221213
515 26885.303541539786
516 34799.306561383186
517 31802.791967355755
518 38841.445859135136
519 34598.15450033473
520 32035.35793088222
521 36541.56539415137
522 34399.314531942
523 40124.74122901589
524 37570.961070916695
525 38323.55991434667
526 31258.63773217286
527 29557.25377491388
528 28681.794290734768
529 24946.88713248678
530 42043.9541969628
531 33816.27530258705
532 30906.09670511828
533 33283.48875935815
534 40918.746012207164
535 34776.579843890104
536 38747.942137760234
537 34244.185362281896
538 32572.038720821685
539 29300.585187969282
540 36457.74740955619
541 31191.73530682917
542 29537.56105765917
543 38248.42907152759
544 35791.98699305977
545 33344.55938093495
546 34075.952777438106
547 34409.16433897081
548 37109.87524081721
549 29160.943703554225
550 33828.12766632946
551 34944.64291703937
552 33313.63684700249
553 36383.126500962026
554 31631.330021303365
555 33523.369759425594
556 38132.34233760996
557 34568.21947448598
558 29853.738573581995
559 32122.436825892168
560 36314.663628513976
561 31622.280764238672
562 35800.4785676726
563 33431.284002516935
564 32988.422369647524
565 37142.017102257196
566 32871.85550615054
567 32813.8804523478
568 39992.92443355975
569 38401.77569511182
570 36816.209934693536
571 31826.243191960682
572 34039.9316857072
573 32092.71821910188
574 32790.61479689379
575 34238.580175931034
576 27042.834616978496
577 31120.35040844666
578 35183.75714873327
579 34375.69305370669
580 32824.406155780795
581 30533.73409421324
582 28250.933757943174
583 37108.52091523636
584 35933.62955954677
585 34392.93838467009
586 37656.916463232854
587 38698.43454559104
588 35689.18309995801
589 32322.844771397045
590 37768.29783794963
591 34043.77149751608
592 38006.145948186
593 35753.089948922665
594 32050.766953455994
595 34178.50694448374
596 31217.231906847665
597 33701.62304025461
598 35092.37401801892
599 36478.48141989754
600 31730.259283921438
601 29157.665277540873
602 37734.187837644415
603 33725.06074953206
604 36534.69047591797
605 37547.07616241642
606 33915.10612030307
607 42769.55721960356
608 34871.02358505122
609 34458.521613752564
610 33338.051855684964
611 30804.93108578893
612 32875.602867699345
613 28586.879007833715
614 32063.816940000565
615 33067.010783687525
616 32310.919282623658
617 40673.82580965323
618 29755.86980508961
619 27610.77783187465
620 32451.401540374194
621 31005.633248451995
622 34086.14524069316
623 33336.913299902866
624 36057.112822637995
625 32884.08689424585
626 33177.151734567866
627 31744.061049595173
628 35482.95497514376
629 34050.75519339741
630 30219.294556115652
631 30857.11715408006
632 33546.80749954294
633 35202.678869494914
634 32417.278089753407
635 31684.8330000504
636 36057.112822637995
637 29547.586959838358
638 30857.65454727327
639 30809.36400807566
640 33803.54327122312
641 35438.34801600926
642 33024.27155718246
643 34991.66158837653
644 31577.968372620853
645 37901.895339145056
646 32819.78690357762
647 34440.951660572304
648 34721.664199577324
649 34001.46848606233
650 41937.19583679127
651 30906.09670511828
652 29531.43902958388
653 31474.049477647255
654 38041.90802388412
655 33690.00465260222
656 37925.92659698203
657 36880.3345765795
658 34522.76759614277
659 31844.066256108214
660 30484.64993186667
661 34038.78729398806
662 33333.76593271065
663 34915.03232599336
664 35188.26673052624
665 36111.33404492768
666 44178.08417908799
667 30164.721072012
668 34329.825980834976
669 32984.98213371368
670 32612.85129928153
671 32886.66624061766
672 31871.91222715323
673 36003.536131965426
674 31135.370419547944
675 31089.243944852315
676 30723.220393253676
677 30358.27815199949
678 36057.112822637995
679 32817.81402708436
680 31496.948553892606
681 31133.01371470065
682 34576.76214956781
683 34526.137314795385
684 35740.82235928152
685 34109.502349006456
686 35951.99004472943
687 33380.38392314086
688 32702.962792625156
689 34225.474290283375
690 40446.6743836548
691 36004.93176211319
692 31263.39262078439
693 32154.827885123064
694 36161.02381059949
695 28949.451733858998
696 35746.275643132496
697 36315.77216856797
698 30374.759799013096
699 30021.802092668546
700 42959.47442011441
701 31479.248284528465
702 26811.699278371845
703 36313.56454968378
704 33496.23833239382
705 34369.33307349324
706 30643.43865946572
707 31518.09862007112
708 36057.112822637995
709 30513.776718734553
710 31994.339546847797
711 33775.01707436977
712 37069.95307046491
713 33073.42466480399
714 40602.12704397892
715 32980.91158881853
716 37165.01293730005
717 30173.316169571546
718 34650.98586019529
719 37310.837190601764
720 33653.3053011288
721 30606.037513806452
722 32661.152058179014
723 35608.26909455536
724 35260.270550314504
725 33122.80984810607
726 38739.04683423917
727 33031.68795031211
728 36552.40283393797
729 32050.766953455994
730 34081.38061317838
731 31963.076756592913
732 30441.66082566978
733 35712.774773854275
734 34779.88539295327
735 42679.847830877625
736 30276.217016834624
737 35518.946959613546
738 33711.93475287292
739 33080.815282474374
740 29820.2068208844
741 32699.567903930816
742 34404.90010569771
743 34358.59472197537
744 30241.449464147994
745 31362.428334321372
746 34510.42701791358
747 38808.4587809919
748 29501.2741276129
749 36105.25316018491
750 30576.43167359702
751 38889.82874345776
752 32796.62921633563
753 31891.151580181813
754 37874.314795131686
755 30373.938748606313
756 32909.26963970928
757 29150.532427284612
758 39101.5128498792
759 34774.44873013309
760 31312.75587229089
761 40937.37907852724
762 30662.741612951995
763 35442.77145082372
764 30865.64369895975
765 33653.3053011288
766 34174.23486845325
767 32155.234903108718
768 33803.54327122312
769 33759.585477632456
770 36806.351530640866
771 33110.8117748738
772 35590.051775712636
773 27987.40969415627
774 35218.57531513479
775 31265.00621524224
776 33455.053134406386
777 36474.76277811256
778 32812.899586668
779 36103.39923190967
780 36889.20004162195
781 37118.97401971952
782 36518.20122190446
783 29564.069517411997
784 38080.726297377885
785 37756.62005122093
786 27799.758741117847
787 28864.016617867775
788 34867.4111305205
789 29613.446272584817
790 32314.4757954781
791 33094.138949728425
792 34418.15314888172
793 36830.09002060123
794 33514.04189308166
795 33199.756712164795
796 32342.686627341118
797 34745.12251917939
798 32803.83948525712
799 32492.016561075543
800 32721.82988654398
801 34841.7045252457
802 35337.76892592701
803 37179.687941649136
804 31751.785918442412
805 30906.09670511828
806 35699.22584673092
807 29221.00593061369
808 31862.349697232086
809 29951.025731536134
810 25106.43411354053
811 33878.56963113459
812 34369.71099103671
813 35657.956592129085
814 37474.59145940017
815 33446.84330541635
816 32610.477038121127
817 38396.191133041684
818 35968.953622582645
819 36453.344831677976
820 32979.066606071334
821 33992.941930233625
822 32109.253754465954
823 35224.68858979459
824 32293.870464935484
825 33041.42702292646
826 29072.684188712956
827 33484.719042062854
828 37102.246527642
829 32881.99914826818
830 33884.997592358595
831 30199.459114989222
832 31203.27071189826
833 34542.108082191015
834 32684.864860808542
835 33163.90736261794
836 31571.538978673463
837 37737.19334842399
838 34594.17507088419
839 28106.497957098036
840 34511.807987382075
841 33441.79310541931
842 35457.58838140648
843 33875.721655432135
844 26145.67896617826
845 30723.220393253676
846 39125.80327562847
847 32438.63042603324
848 35206.70921833049
849 33126.67609146954
850 31815.09954938647
851 33557.265987695995
852 42659.11939579706
853 36522.09317556767
854 31666.08268967037
855 31122.981594277007
856 31339.3597430405
857 32312.558515502893
858 37317.85103321974
859 29718.784491766826
860 32954.52404487612
861 31659.90394182848
862 31623.175514981816
863 34093.39984156733
864 40814.64854229162
865 32764.03546658204
866 34724.7483765359
867 30692.213682937534
868 33647.76657412071
869 34106.958274117875
870 30089.038976132393
871 32786.72027041251
872 33741.518421184184
873 31224.716258779292
874 32674.18004065137
875 31895.091799682068
876 31117.782298988954
877 34782.57405695752
878 34742.95836896554
879 36180.17464114529
880 37368.28056164301
881 36098.0403059781
882 33113.67504119816
883 33811.19979291535
884 30346.710339414785
885 35690.43031935693
886 32475.819449734896
887 32439.206350017044
888 29966.384305300497
889 31636.16198161714
890 35246.84062437647
891 33264.81115623842
892 36865.56826709176
893 38520.14068622245
894 32185.208090005726
895 29973.73401122086
896 35252.26655427554
897 34730.596966286765
898 34691.92146855148
899 33450.091317107996
900 37018.63583124167
901 34096.182158587755
902 33578.685998909
903 34739.41102513295
904 35658.25095513094
905 28686.321803645696
906 36773.47930255796
907 39833.7674181734
908 35977.691869284165
909 32844.1027691356
910 29241.922267150374
911 35859.214289034055
912 33684.93434746445
913 35306.74574308693
914 30297.442721866497
915 30737.21093077337
916 36135.84014321144
917 31613.869912105725
918 32286.434357525526
919 34840.8228362378
920 29394.385453237493
921 36174.56270153909
922 37073.90776123734
923 30705.19033433745
924 32545.056378874557
925 37421.4360105216
926 30839.344876381525
927 33373.25005590442
928 32637.903848077494
929 33068.52543044948
930 33498.220944902394
931 35786.006711189584
932 40158.02908787365
933 35477.41647500716
934 32196.608237773115
935 31468.02573612043
936 35594.842145424685
937 35787.742716172186
938 39901.15470138405
939 35941.91437911519
940 34522.76759614277
941 29658.029037961536
942 35138.46026664721
943 33265.84109829804
944 33230.60185984646
945 38231.986294479655
946 31788.194602621657
947 31754.627343273587
948 27613.358554045553
949 29635.98314189424
950 34614.828309732475
951 32303.533254350757
952 29542.592438716
953 37684.03396783572
954 31975.175521961995
955 34433.59884214225
956 35076.48004712692
957 35265.890911169445
958 34777.42405857777
959 34289.9759064086
960 30873.90285438378
961 33993.49034059316
962 25862.170319771536
963 33922.891191391514
964 33438.85774215598
965 31386.502353384367
966 32025.88281762257
967 40046.88642348832
968 35312.131152748785
969 35722.21703790761
970 28994.3793831522
971 37208.26678504971
972 36947.41190467844
973 31350.788744040845
974 35760.955838468486
975 37943.17718566829
976 34579.362297120046
977 29450.947832615268
978 34066.22929255369
979 37567.16555576175
980 31126.85453872627
981 28889.79681813809
982 33046.233747835235
983 33892.95243959055
984 34737.95015839514
985 33165.222555644694
986 36642.21810170717
987 36605.093260672
988 31093.78555150564
989 34999.82640013395
990 39116.50421364971
991 37112.26546830551
992 32713.106391506248
993 36383.91444942928
994 30906.09670511828
995 33701.62304025461
996 36708.747391721816
997 37322.90916044374
998 33817.09178556028
999 33350.122370487996
1000 31153.345478759224
