1 0.0
2 0.0
3 0.0
4 54085.66923395699
5 0.0
6 72114.22564527599
7 0.0
8 54085.66923395699
9 0.0
10 21634.2676935828
11 39335.03217015054
12 36057.112822637995
13 16641.744379679076
14 0.0
15 14422.845129055198
16 40564.251925467746
17 38178.11945926376
18 60095.18803773
19 22772.913361666102
20 21634.2676935828
21 20604.064470078854
22 29501.2741276129
23 9406.203345035998
24 45071.3910282975
25 34614.828309732475
26 24962.616569518614
27 32050.766953455994
28 46359.14505767742
29 37300.46154066
30 43268.5353871656
31 27915.184120751994
32 33803.54327122312
33 13111.677390050181
34 25452.07963950917
35 55630.9740692129
36 66104.706841503
37 35082.596259863996
38 34159.370042499155
39 33283.48875935815
40 21634.2676935828
41 26383.25328485707
42 25755.080587598568
43 15093.675135057765
44 14750.63706380645
45 57691.380516220794
46 28218.610035107995
47 46030.35679485701
48 49578.53013112724
49 57397.036738076815
50 25961.121232299356
51 29694.092912760705
52 20802.180474598845
53 44901.310307436
54 40063.45869181999
55 31468.02573612043
56 34769.35879325807
57 34159.370042499155
58 29840.369232527995
59 36668.250328106435
60 36057.112822637995
61 39012.6138736739
62 48851.57221131599
63 27472.085960105138
64 23662.480289856183
65 29955.139883422336
66 32779.19347512545
67 32289.951781466858
68 38178.11945926376
69 12541.604460047998
70 24724.877364094624
71 36564.95948211177
72 42066.63162641099
73 23708.78651351539
74 26311.947194898
75 31730.259283921438
76 37005.984212707415
77 47763.967635182795
78 38830.73688591784
79 24646.634081296856
80 16225.700770187097
81 37392.56144569866
82 31659.90394182848
83 41704.61242136443
84 23179.57252883871
85 35632.911495312845
86 32702.962792625156
87 34813.76410461599
88 31959.713638247315
89 29169.799137415008
90 28845.690258110397
91 23773.92054239868
92 25867.059198848998
93 30241.449464147994
94 32221.24975639991
95 31882.07870633254
96 42817.821476882615
97 37915.726885660566
98 19868.205024718896
99 32779.19347512545
100 43268.5353871656
101 42840.13404669861
102 50904.15927901834
103 48309.529801204306
104 27042.834616978496
105 24724.877364094624
106 28573.561104731994
107 24262.730123644258
108 22034.902280500995
109 29771.928018691924
110 45235.286995673116
111 25337.430632123996
112 36700.98983732796
113 38290.73928067752
114 45545.826723332204
115 41387.294718158395
116 26110.323078462
117 44377.98501247753
118 38501.66284451176
119 38178.11945926376
120 34254.257181506095
121 33971.1641469482
122 39012.6138736739
123 38695.4381511237
124 47106.87320376899
125 31153.345478759224
126 36057.112822637995
127 23848.799032295996
128 37183.89759834543
129 36895.6503301412
130 34947.66319732606
131 36332.35795868867
132 31140.23380136918
133 47172.46339202264
134 38747.942137760234
135 33653.3053011288
136 28633.58959444782
137 55270.02695440861
138 32921.711707626
139 34241.28699703752
140 37087.31604614194
141 35289.940209390385
142 19806.019719477208
143 39335.03217015054
144 25540.454916035247
145 35808.4430790336
146 40008.57724155723
147 29434.377814398365
148 35082.596259863996
149 29039.28549474201
150 30287.974771015917
151 34385.59103615809
152 34159.370042499155
153 33936.10618601223
154 25286.806395096773
155 27915.184120751994
156 23575.80453787869
157 31693.513181681803
158 32862.17877506248
159 40819.37300676
160 27042.834616978496
161 41656.04338515942
162 49411.59905324466
163 35835.90354151752
164 31659.90394182848
165 26223.354780100362
166 36491.53586869387
167 28500.232889749794
168 18028.556411318998
169 35843.757125462624
170 33087.70353136193
171 26568.398921943783
172 36476.3815763896
173 27511.78550629026
174 33570.415386593995
175 39559.803782551404
176 39335.03217015054
177 36668.250328106435
178 24308.16594784584
179 32632.694286409805
180 28845.690258110397
181 29881.585212130936
182 52302.62519327709
183 35466.012612430815
184 34097.4871257555
185 23388.397506576
186 34893.98015093999
187 41648.8575919241
188 40276.562195499886
189 25182.74546342971
190 31882.07870633254
191 43041.99855267781
192 42817.821476882615
193 26902.716302900888
194 49067.411263796035
195 25517.34138217458
196 37528.83171335791
197 40632.888561551445
198 29501.2741276129
199 30440.175649262226
200 29206.261386336777
201 35518.946959613546
202 20349.063672181837
203 29840.369232527995
204 37117.61614095088
205 31659.90394182848
206 33606.62942692473
207 22992.941510087996
208 34323.59778308809
209 28983.707914847768
210 43268.5353871656
211 36911.54677578108
212 38778.40435642199
213 34533.57284421667
214 27295.571389099787
215 38237.31034214634
216 34053.939888046996
217 39878.83445821714
218 38703.5064242995
219 34575.31366554328
220 33434.77734462796
221 30346.710339414785
222 30210.013445993995
223 30074.542533680124
224 23179.57252883871
225 37499.397335543516
226 43077.08169076221
227 32403.7489683619
228 39852.598382915676
229 29286.563253321692
230 40446.6743836548
231 29032.999935111115
232 31705.392309560993
233 25069.75226295002
234 37906.19553149123
235 27618.214076914206
236 35751.54406990378
237 37426.37027159893
238 34542.108082191015
239 38018.37837366014
240 36057.112822637995
241 30521.373509618883
242 33077.18614308113
243 33831.36511753689
244 25712.85914401234
245 37087.31604614194
246 36057.112822637995
247 28028.201060512125
248 36638.67915848699
249 47786.53506614674
250 29422.604063272607
251 28443.459517459454
252 27472.085960105138
253 34204.3758001309
254 28107.513145205994
255 34784.50884066254
256 32958.454689442544
257 34513.812273809126
258 29348.81276261232
259 33411.99643796571
260 29123.05266443838
261 39787.15897670399
262 44589.71204020882
263 43597.5736790832
264 40154.51200702868
265 30206.336025002394
266 30092.778370773063
267 35651.97672350723
268 27446.459014246833
269 36995.40200389623
270 35255.8436488016
271 27940.93613562354
272 37382.741970529096
273 31698.56072319824
274 32372.44435901076
275 29107.9238059114
276 29786.310592613998
277 48423.27064989651
278 33463.075928923034
279 33343.136588675996
280 36314.663628513976
281 32335.916125639767
282 34522.76759614277
283 35165.240774021506
284 37326.72947132243
285 29604.787370165934
286 35552.817538405296
287 33921.32565195909
288 28545.214317921746
289 34435.16657110064
290 36554.4523098468
291 26764.04250752511
292 30376.8827204416
293 31749.9491748826
294 27226.799478318488
295 33734.79030185792
296 38006.145948186
297 29865.487388447633
298 31943.214044216213
299 35454.151069751075
300 36057.112822637995
301 35218.57531513479
302 33669.22455623813
303 35700.111705582174
304 37005.984212707415
305 31210.09109893912
306 42420.13273251529
307 33120.86585011047
308 36525.387015139786
309 36407.181879168464
310 27217.304517733195
311 28521.060303437127
312 31896.676727718226
313 32485.961073431037
314 29626.544930702556
315 32966.50315212617
316 35600.693672984344
317 40265.671732535804
318 34696.46705574599
319 31196.74965218836
320 33127.47240579866
321 30328.41265455532
322 35609.19837763628
323 33489.57847303839
324 36724.83713416833
325 33283.48875935815
326 27872.36942118029
327 33079.9200207688
328 25723.67195273564
329 34851.55585896317
330 39335.03217015054
331 33987.36918629322
332 34536.632161442416
333 30534.852300251998
334 30443.430586778188
335 32935.750817096196
336 36700.98983732796
337 31456.35361974947
338 33923.555850884266
339 34461.665352609765
340 43268.5353871656
341 27280.748118007632
342 28466.141702082627
343 34059.78004237525
344 35847.47844576219
345 29472.770481112795
346 40642.410407019706
347 31173.296388447834
348 32948.741027583
349 29134.973684767665
350 39559.803782551404
351 28352.601535749534
352 26428.224739319896
353 33707.78252541229
354 38501.66284451176
355 35955.54349074324
356 34031.43232698418
357 30300.09480893949
358 35654.24005366997
359 25912.911165015605
360 28845.690258110397
361 27567.210911490547
362 34662.63884607189
363 30395.252131479963
364 30906.09670511828
365 26672.384827704816
366 33101.611771602096
367 32421.927061227623
368 34097.4871257555
369 36936.5545987999
370 29235.49688322
371 31489.230605214856
372 34312.41381509099
373 35380.43778307106
374 30079.730483056297
375 28845.690258110397
376 44879.597874985586
377 28692.662723584614
378 25755.080587598568
379 32537.02529114036
380 29604.787370165934
381 30662.741612951995
382 31148.814742069477
383 31632.34963030383
384 37183.89759834543
385 32591.88379812473
386 32507.44886600524
387 37454.67533514334
388 31782.30047768607
389 40599.01135299599
390 32728.763946702176
391 35411.58906366494
392 30354.20212109831
393 31377.945509776575
394 35141.9576748553
395 32314.4757954781
396 39881.35206140263
397 28882.019842818343
398 31527.32477959302
399 29821.672259324656
400 26501.977924638926
401 33449.491197060684
402 32828.11764449131
403 31672.9973677763
404 22491.070374516767
405 34721.664199577324
406 36234.73406806971
407 35614.150748649816
408 31284.847890230027
409 31737.312019925866
410 37991.88473019418
411 41584.115518078856
412 38332.561690086026
413 40335.07536091708
414 30308.877445116
415 41183.30476609737
416 40564.251925467746
417 31647.25010332256
418 36229.63489355971
419 29947.196330019142
420 35542.01121088603
421 28777.17317911251
422 30246.961941265046
423 35801.38861822212
424 27553.076779562994
425 37669.07786647357
426 29962.9529089527
427 32426.06867422246
428 32855.78037576826
429 32779.19347512545
430 31696.71778362131
431 33630.99618259971
432 37058.699289933495
433 34474.930042891756
434 28912.154982207427
435 40284.498463912794
436 33741.518421184184
437 43070.51005358589
438 33093.51450844857
439 31539.706888138928
440 31959.713638247315
441 33358.96152298481
442 34751.877969329835
443 37115.22222826845
444 36544.37110402499
445 38406.90219759643
446 33470.05540038594
447 28071.30931158394
448 37666.8053593629
449 28428.10231450746
450 37018.63583124167
451 32619.294970368745
452 31111.225665550483
453 38206.21226239788
454 33833.326128730805
455 29955.139883422336
456 31787.191567325604
457 34558.020604628975
458 34954.93033460976
459 35350.11061042941
460 34332.642209381396
461 30034.558186318853
462 31374.370897620072
463 35511.972887954485
464 31239.136540302745
465 25123.6657086768
466 39925.901752105594
467 35207.80181396772
468 32358.947404931532
469 32751.23680691639
470 38665.4997076799
471 29396.881791704862
472 36668.250328106435
473 36590.72760014004
474 32862.17877506248
475 32792.99524079919
476 36814.615192861485
477 37190.984295047994
478 37113.178888573
479 38390.66292180663
480 38310.68237405287
481 35082.596259863996
482 30970.217237701512
483 34041.49782013028
484 32183.20813921408
485 29440.44675827762
486 27154.122002233555
487 32873.42524281575
488 29702.78556291081
489 31854.136481348905
490 30023.06537068633
491 28640.069248123866
492 40894.04259152846
493 30718.02715113176
494 35035.25132564016
495 35401.52895313549
496 33585.455895279745
497 37435.553755495384
498 36057.112822637995
499 31649.329491614113
500 34614.828309732475
501 36704.84538831413
502 32753.074595862403
503 32687.95913940939
504 30047.594018865
505 34272.10723735889
506 32921.711707626
507 37550.6027028656
508 39180.169838771995
509 34002.778300326594
510 35208.71016798769
511 31329.467892859626
512 33380.99898033283
513 32894.20818907326
514 38722.813770615125
515 31926.297955578495
516 34799.306561383186
517 31802.791967355755
518 35082.596259863996
519 37516.07114494126
520 34531.61958783408
521 36126.32033285419
522 32327.066668572
523 35574.51284222028
524 34680.887142384636
525 36263.15346733878
526 32492.531326863897
527 28736.218947832935
528 27452.574535417563
529 41305.50164559286
530 33880.07959561079
531 29334.60026248515
532 29686.119203600458
533 32471.69635059332
534 32005.751831330355
535 35180.95867928417
536 35518.946959613546
537 32229.821517441786
538 33778.41052529656
539 38532.27641157604
540 29646.959431946798
541 36390.35785796736
542 35924.06074580169
543 35459.48111839538
544 39768.87443673309
545 35726.31362243031
546 39623.20090399779
547 32036.11852249007
548 27635.013477204306
549 35071.94580562603
550 29501.2741276129
551 22380.276924395996
552 32529.786568249496
553 29341.231049162925
554 32021.84026847995
555 30794.723383658395
556 33073.970394865784
557 33014.59163293605
558 32567.714807543998
559 36766.644559756096
560 30906.09670511828
561 30465.368053351885
562 32335.916125639767
563 29588.607680388548
564 35673.526516014186
565 34461.665352609765
566 36311.93340795699
567 34721.664199577324
568 29709.029579215814
569 30037.032474394393
570 31882.07870633254
571 29552.94010682063
572 35174.59607523077
573 36245.89351804448
574 37313.458217155
575 36119.82084493824
576 36057.112822637995
577 32245.182350920633
578 35183.75714873327
579 24660.823277659147
580 43268.5353871656
581 33140.27237054852
582 40889.50938649669
583 32284.41319625563
584 39267.677663009876
585 33653.3053011288
586 32119.134630404493
587 29115.96503906373
588 35321.25337727803
589 26078.65884964989
590 28967.917759204083
591 36606.20591130761
592 32159.046571541996
593 34293.78015508909
594 28408.634345108727
595 27633.686465752813
596 31580.22297553194
597 40224.51782223937
598 34007.04286282246
599 36117.308336532216
600 32090.830412147818
601 38516.91586045523
602 33781.08244512929
603 35877.72420162985
604 32236.49159639821
605 33613.57294540137
606 35343.11058852635
607 33502.81982202278
608 29533.622015910725
609 32327.066668572
610 33338.051855684964
611 35053.887097621875
612 31461.598443282175
613 34233.66992296136
614 36996.7118538468
615 39398.99157205323
616 38281.41523702151
617 34011.73365117555
618 31506.215087741937
619 32503.827067903072
620 28962.003525280197
621 35882.92387180399
622 34086.14524069316
623 37851.286975931376
624 30856.567703988283
625 37037.866291413746
626 31794.770412294205
627 34159.370042499155
628 34104.97614115759
629 33018.91412693082
630 33653.3053011288
631 32571.401440417838
632 42789.29528002927
633 32468.49021943706
634 37535.79568287236
635 39180.169838771995
636 35716.951380914994
637 33283.48875935815
638 32892.22517676381
639 28439.41293053138
640 33465.50783851089
641 32400.775328922755
642 30665.39501738371
643 33982.28673486567
644 28890.481702610567
645 37901.895339145056
646 34159.370042499155
647 33103.438974724835
648 33386.21557651666
649 31668.034374273742
650 26626.79100748652
651 33232.36204851428
652 36499.53138487895
653 38762.77672510241
654 32418.321620353425
655 35011.18130564544
656 33638.647938192764
657 35233.89106869649
658 37153.07369870602
659 27576.30479910402
660 33762.56927937921
661 30111.234913912518
662 32680.16267912809
663 29694.092912760705
664 34862.449445984326
665 37087.31604614194
666 34432.918551348
667 34705.646824788
668 39835.552789082096
669 36542.18608931026
670 30998.35371020819
671 29017.64668289794
672 29296.40416839337
673 36324.99627600083
674 35308.15202216777
675 39101.93568321631
676 31363.287484779794
677 36110.37295974676
678 33185.30737658718
679 32499.194473423348
680 34678.45850883125
681 29862.278461039394
682 37114.506160545265
683 27557.55914116696
684 33843.07957914268
685 35056.98852536775
686 31536.833372569676
687 32120.74679396573
688 38048.63940295812
689 33911.479113308305
690 29786.310592613998
691 32247.895404327468
692 32201.294399407918
693 34340.10745013142
694 34290.626027292616
695 31751.011579071153
696 30151.206412033498
697 33211.86001740831
698 35643.85078455618
699 27855.28029216669
700 33996.70637563011
701 31787.868365749335
702 32975.30830788261
703 30158.723100584837
704 36261.98278185753
705 34983.071164091336
706 36465.692004764205
707 35496.11106726456
708 31779.15028435891
709 36006.256528106765
710 34127.295516637656
711 37730.64970470136
712 39500.76966524949
713 33376.85057916
714 31512.098601297075
715 33586.06592989777
716 30517.61224932769
717 33492.38094822441
718 34952.298780718724
719 34602.79255580002
720 36958.540643203945
721 32106.333470365593
722 26967.92371776249
723 33812.894182224845
724 29881.585212130936
725 31630.791386479676
726 32779.19347512545
727 32436.522401657836
728 34769.35879325807
729 38876.393249099405
730 34081.38061317838
731 33738.803243070295
732 35761.562717534405
733 28629.249198874917
734 32127.18226976192
735 30023.06537068633
736 35567.20639841737
737 34051.221878637785
738 31953.05120054912
739 30446.060082985263
740 32743.756509206396
741 33867.40961478549
742 35571.167905890856
743 38435.038163565674
744 31695.365303770497
745 36299.106868427516
746 32190.398310826946
747 32436.920772172332
748 32972.012260273244
749 31772.622780962723
750 32018.716186502537
751 34856.809466358434
752 33084.31894630348
753 28730.767189352984
754 36439.68165895245
755 39829.97628354979
756 31478.431829287136
757 36295.27076730535
758 36247.38782434057
759 32209.12054512327
760 35298.01571058246
761 29565.884890047448
762 35205.37000005599
763 34308.60276439736
764 29732.95952652086
765 38743.72122903063
766 34456.666561580954
767 31026.98104685929
768 32676.75849551568
769 35447.56475151407
770 28939.345096610752
771 30585.410876790207
772 34469.10526309176
773 32745.269342162836
774 29348.81276261232
775 35173.131992147515
776 29830.755711512364
777 36753.19608176228
778 33647.125847346
779 34714.806953759304
780 33560.85116568614
781 35179.92313809238
782 33475.01778674576
783 33984.864959267994
784 32561.78045717819
785 34173.8750828569
786 27799.758741117847
787 38210.46009412972
788 33494.67840884646
789 34274.82207475095
790 33136.030264854664
791 37196.718158372445
792 39608.19211577659
793 34101.9352042604
794 34876.401319629695
795 32927.62755878639
796 36963.07043124699
797 36102.35386758485
798 35514.90059974118
799 34116.617389129315
800 35426.11334824183
801 30520.252801184222
802 31830.967429460972
803 31252.49131327029
804 30137.288329369072
805 33324.834708127535
806 37041.30200638246
807 30561.41904669689
808 34272.10723735889
809 33694.90394797815
810 33920.39502574093
811 34678.8508035236
812 35968.30219992214
813 32198.602594385222
814 35082.596259863996
815 35570.45240417294
816 30754.59623107358
817 36277.780587770416
818 31208.356819593766
819 35925.03548629134
820 35089.72686885991
821 32148.363685957385
822 33425.20677718997
823 34698.94696905139
824 31768.766880139785
825 35401.52895313549
826 30906.09670511828
827 35839.1133497079
828 33705.561986379
829 28445.538945724064
830 35188.26673052624
831 33063.20092761751
832 31203.27071189826
833 34282.39298382868
834 33203.67223955153
835 33163.90736261794
836 33900.58693611659
837 32567.714807543998
838 35626.83701329864
839 31458.64908959596
840 35542.01121088603
841 29583.12467017862
842 35200.6493351644
843 32335.916125639767
844 33066.593986637214
845 28418.978863759647
846 28385.386690161824
847 32183.20813921408
848 29594.045429900994
849 32107.39375019355
850 32324.14114217665
851 33303.04427566799
852 38342.42279026998
853 32971.334116831924
854 36225.9985969829
855 35930.596637295406
856 31086.622970919205
857 34836.97714952656
858 32022.750548776403
859 33748.450185565714
860 28174.86025210783
861 34423.86380976589
862 33380.01859914747
863 32589.27926032171
864 35305.92297216637
865 31263.39262078439
866 35224.385043824186
867 33437.045800923814
868 36887.92187385086
869 30372.61977695168
870 34067.75487380279
871 34525.40998172226
872 36718.711223053375
873 33702.8683428094
874 36387.15504527084
875 34614.828309732475
876 36798.012401185355
877 32069.039910670053
878 33510.938568647616
879 37410.79282621826
880 33188.93339356452
881 31677.872105246093
882 35075.96689549138
883 29646.051992338827
884 31080.904944400623
885 35690.43031935693
886 34917.610385805194
887 33170.917771446
888 39467.920792346995
889 30419.386520785712
890 37191.493900204136
891 33750.42883735139
892 30802.15243368851
893 34643.90011402396
894 37993.065188954126
895 32390.970625028993
896 35976.62819580175
897 30871.641747810456
898 32764.592498076396
899 31765.554344303997
900 31730.259283921438
901 33615.95424086117
902 36217.011327394706
903 36176.90389513846
904 32786.44550908013
905 33228.3227558896
906 34385.59103615809
907 31008.32194229067
908 34309.85184885378
909 30226.094577392905
910 36849.57684071795
911 34196.86660676095
912 37243.20206022477
913 35069.78771796554
914 30770.84026439566
915 32628.731603436354
916 35899.658181491104
917 30198.32349813084
918 37235.44984298565
919 32957.535115360086
920 30335.005787741095
921 28657.770451868637
922 32381.00804462501
923 32814.7072275362
924 35588.838630136204
925 37187.55203545583
926 34110.1844844826
927 29172.42137753883
928 36367.950002143494
929 30972.632973590007
930 33730.847479241995
931 31835.603372941387
932 35979.73704404864
933 31999.23838922214
934 31038.456862313647
935 31699.408278297786
936 32358.947404931532
937 34171.52207737731
938 33904.449370540206
939 34098.739282750306
940 38665.4997076799
941 33106.63706563149
942 33760.48143266105
943 26612.672878638434
944 37355.78002175844
945 27243.151910437595
946 34989.88326763391
947 34039.132907537874
948 35828.90324781118
949 33055.519658266654
950 33703.911775265835
951 31621.0642419349
952 32496.851682587603
953 33143.78891146997
954 34923.241350227996
955 35339.74618009337
956 28513.78378024511
957 30970.686248911632
958 35906.561203336794
959 29552.545024602154
960 32676.75849551568
961 33093.00053024632
962 35307.48469742723
963 33248.92646573472
964 35458.65451852782
965 31610.691655908544
966 30010.26781511485
967 33558.843371638264
968 35759.12015468231
969 30587.148338708394
970 35685.39001003348
971 34980.22685780122
972 36724.83713416833
973 35130.67107488265
974 33317.660719070016
975 37055.61748541874
976 34801.02487594774
977 30336.690624573625
978 32960.1828869513
979 33589.46567338698
980 37087.31604614194
981 31315.657619661135
982 33046.233747835235
983 31912.195478835256
984 33638.647938192764
985 35581.23214579099
986 31156.856110433644
987 33974.78715810875
988 28247.17138129738
989 31937.34159012223
990 33434.77734462796
991 33401.03892147495
992 35112.067526883366
993 32898.03043032228
994 37000.25661880358
995 35223.63182271772
996 39315.28566805709
997 33417.02331807172
998 30999.000803430263
999 31184.530008767997
